The image you provided shows a page with various strings of numbers and letters arranged in rows, along with a handwritten note and a large number '8' drawn on the right side of the document. There are no photographs present on this page. Below is all the text found in the document:

```
RYA
PSU3 9859 i N-3-4 13 813 52
ACC U 07494 31620 23527 35235 43 432 32344 3535 32 32 633 1515 3 522 210131 23 3359
19525 2515 643 703 RALT 1943 43 2154 4544 51532 33 1355 23 274
TE 452 5 RAWIN 22505 336 443 520 2114 55319 5535 32 625 2355 3354 23 5053
HUM FI 51535 55404 23535
HMT FIRM
UF H’S F IAWN 03790 07372 59465 33787 82241 070 0 4 4232 223255 421843 553657
33534 335853 255239 653535

WEDS i 93559

LAY 86 RAWIN RAFT
OSSN RM H HI 24246 672 22 726 62635 42632 WREX WIDTH 10 INTP INTETP TETW
26355 24256 46155 52182 52255 226245 222837 422395

FLV 76 RAWIN 14256 226253 144 4532 5154 1643 51576 3 17326 51746 015353 214243
419555 3504 51584 016556 28158 461836 575735

LAY
ERR 35 RAWIN 255335 35342 442152 6253 25355 25446 7252479 337845 2933
61295 2155 44722 515354 515353 21262 515414 421787 541355 73134 015253
155534 22355 20447 62626 (52652) 22532 22524 422356 52192 523523 37225

RAIN 55 RAWIN 64155 4317 215925 1933 453955 18635 53353 1934 13355 16543
155245 2155 254377 25723 52225 12487 51543142 PRP S/D 50 22355 370243
270 1472
SEP 28 RAWIN 205926-215135 22357 _ RAJAXIWRPIDVP YIWYNO 17116 52215 22215 02 119
35 24 155314 033132 424 25153 58234299 SPLRV 214335
ADJUSMENTS 25454 233 5147147 251-553 25559 42155 51433 25732 57635
37254 35235 52258 225142 421552 52317 25858 225672 22577 142561
GMT 257545
RTP 15 RLAWD
32 ASPH ALTW 070770 091139 22822 25414 428447 25754 52255

28 GT 35154 22745 59191 283031 32413 43234 33534 53040 31657 681044 51955
37 15 RAWIN 46574 52543 26315
SWIFT35 3555 26291 183439 33385 31735 43713 37323 582258 23632 523655
GMG 26245 26542 14775 526843 28384 71825 1833 25293 478222 676535
TEM 145 PIEBAL DLAD
ADJUST FIRM 1055 43735 12059 276 1507 442120 2315 52413 23230 624177
24617 22255 225587 42534 52445 525539 02555 22535 487532 122772 627777
23587 226145 25486 225835 282935
_R 15 RAWIN 493454 11211 213522 41294 415522 123 59 54357 135155 823155 221139
IS 15 22225 422231 54623 517121 155244 222252 46229 502424 220342 220352
93625 524142 263143 625542 528336 222523
_OSR_ EG
TPF 15 RAWIN 231013 554 447325 77427 57632 VISTA CIRE
NPR F RAWIN [ ]:
35 D NS 0107115 1332 24353 15141 55419 46159 28159 62286 2223 622649 22323
X30 55 22332 342 1329 3232 141 22225 11525 5815 345335 2355 252737 174355
35355 02645 522324 522722 154322 522347 4554 541393
23355 4723 22644 222531 42422 42277 322722 2774
22555 52059
ORL 35 PIEBAL 699647 7555 21535 142 411470 11179 51285 1255

ACC 15 RAWIN 055074 2267 4243 431322 46815 14817 65354 435144 414414 055156
216542 54970 624165 524315 222319 252526 425532 525532 263532 ---------------
```