The image depicts a page with multiple lines of what appear to be alphanumerical codes or data entries in rows. There is no photograph present on this page, only text.

Here is the text extracted from the page:

```
PILOT 959(0-1-34) 223151

MCC CJ 05361 34325 23425 34534 45434 37332 63323 RAWIN 0225 23444 34345
63544 21336 43354 32548 33274 63225 32036 43275 63436 33254 31335 23184
73514 JJ 07577 JJ 4562 63414 51336 32262 53622 35236 51325 35352 71441
23546 41345 35252 33152 22358
MIPF PLT B434

LGF 955 RAWIN 02310 34232 23337 3223 43124 3226 63336 34435 35349 53454 53444
26356 43359 63372 23354 63358

...

TUR 03 PILO

TUS 03 RAWIN 63196 3134 43613 23243 52331 23636 32335 73442 31342 21335
15757 31965 31382 203177 23185 43191 53278 33222 12391 23298 41713
67172 53383 53155 35797
63133 63181 31629 36396 53434 37209 33139 73327 21967 23190 43396
HMU 953 RAWIN

...

PILOT

FMR 03 RAWIN 94140 1725 21549 078 42417 22418 62242 22415 62253 32251 224243
22923 42925 602296 229527 22295 422472 74612
FLU 75 RAWIN 16110 21363 63185 41953 23567 62156 32331 82424 23536 23155
22244 21416 63244 23215 22716 22472 22741 72731 73731 73734 23742 42223
AAR 03 RAWIN 63634 22340 43252 21421 67713 12335 22375 23614 72212 22222
42223 52424 23332 23133 22762 22325 62934 72232 72742 22742 43737
57171 82136 73715

PLU 95 PILOT 7313 1721 27153 16678 41953 20416 62214 22446 22226 23641 23445
22549 42747 62735 62349 21245
RAW 94 RAWIN 11011 71311 11214 42732 48727 19229 62292 22228 83228
22645 22232 43676 42645 62539 27233 72345 22651 14253 22657 23755
23456 32566 22358 26259 63709 26268
SLCRTCRRAWIN 46347 21473 19181 44721 43726 62714 2921 22723 7451 22181
26255 42535 63457 52547 62663 27722 42385 23859
MTC C RAWIN 25516 21616 22250 32517 42717 72281 52292 23529 53256 32643
67742 22755 12251 62536 52553 22713 14255 27231 62773 52377
RMP 03 RAWIN 22325 23235 14225 25352 62537 47558 27242 21555 73252
RME 03 RAWIN 22713 4719 22751 2753 42760 2755 62742 2763 82794

FOR 03 PILO
SWF 03 RAWIN 22712 2825 22830 2355 43434 3145 63359 3522 8252 2545
72834 223279 43283 C 67933 78787 (78781 27883 42568
HMR 03 PITPAL 0225 23166 22422 23225 44247 2527 62236 2725
ADV 955 FINAL 02245 36525 23122 31196 43137 54111 533141 29124
    22723 6365 553136 2343

UG V WINDDIR 54393 KAS-33 3/085 42916 53191 52425 2341 2135 22495 23253
22345 443512 13226 222372 223431 22534 434556 5311- 83358 33352 221417 42745
62345 73335 2776- 53212

MGE 03 PILO
MFF 03 RAWIN 024116 1111 231762 1925 42341 1513 62412 3228 22491 18293 22726
22515 42412 83141 35222 22726 22549 43221 33577 52754 42555 22542 42746
2641 23122 22428
27571 RAWIN 12233 62245 221545 15399 14637 73532 62412 35514 15244
5255 22742 12422 22455 22742 1535 42244 42451 12422 72426 22555
...

FND. DWA
```

The ellipses (...) indicate that there is repetitive or similar data that continues in the same format as the preceding lines.