There are no photographs present on the document page you've provided.

The text from the document is as follows:

```
UNCLASSIFIED

105 MEA L9    Mg    da9    Time    RADIO DIR FINDER
GCT L9    May    25    1345
              May    25    2045

                                                Other Wind Wind
EL    Horiz Angle Dist.    Dir.    Vel.
ANGLE            YDS.                              Calm
56.6    033.1        150                       270    360    06
59.2    020.9        380                       610    360    05

72.1    045.1        420
                                      1300    240    05
67.0    051.5        820
                                      1940    250    23
56.3    031.3        1750
                                      2620    270    22
48.1    055.9        3070
                                      3420    260    21
44.2    051.5        4280
                                      4460    260    19
42.4    079.3        5460
                                      4950    250    24
40.2    078.2        6750
                                      5710    260    22
39.2    078.9        7450
                                      6060    260    21
38.9    079.6        7950
                                      6430    260    18
37.5    075.9        8550
                                      6800    250    21
37.9    078.0        9220
                                      7150    250    21
37.7    077.1        9730                       
                                      7570    270    21
36.0    077.0        10100
                                      7910    270    20
38.2    076.9        10540
                                      8310    270    14
37.6    076.6        11290
                                      8710    250    18
36.0    076.4        11560
                                      9030    250    17      
36.1    076.2        12250
                                      9610    260    19
38.0    076.4        12700
                                      9930    270    16
36.0    077.9        13170
                                      10290    250    17
35.0    077.1        13610
                                      10650    270    19
37.7    079.5        14250
                                      11000    280    18
37.7    079.6        14530
                                      11300    300    17
37.2    081.0        15070
                                      11610    300    19
36.6    082.3        15370
                                      11900    270    30
36.2    084.0        15850
                                      12160    270    28
36.1    084.8        16700
                                      12760    270    27
35.5    084.9        18170
                                      13160    270    40
36.3    086.3        19520
                                      13520    270    40
33.6    086.0        20250
                                      13900    250    42
32.7    086.0        20830
                                      14250    250    45
31.0    087.4        22750
                                      14650    260    35
31.7    086.4        24350
                                      15030    250    24

UNCLASSIFIED
June 8 /
8/Sgt Le. Phelps                 Sgt R. Karg

                                         Balloon Burst Surface Obser
----
```