The image appears to be a page from an old report document from Project Blue Book. It does not contain any photographs, but rather displays a table or grid filled with text.

As an OCR system, I will output all the text found in the document:

STATION: AKRON, OHIO AKRON JAN 20 1961 (FRIDAY)
DATE:

    45    2089      20    506   106     1     108      3     306 1355
    52    2091      20    507   106 1018    109      3     306 1359
    53    2092      20    508   106 1020    110      3     306 1401
    54    2093      20    509   106 1022    111      3     306 1403
    55    2094      20    510   106 1024    112      3     306 1405
    56    2095      20    511   106 1026    113      3     306 1407
    57    2096      20    512   106 1028    114      3     306 1409
    58    2097      20    513   106 1030    115      3     306 1411
    59    2098      20    514   106 1032    116      3     306 1413
    60    2099      20    515   106 1034    117      3     306 1415
    61    2100      20    516   106 1036    118      3     306 1417
    62    2101      20    517   106 1038    119      3     306 1419
    63    2102      20    518   106 1040    120      3     306 1421
    64    2103      20    519   106 1042    121      3     306 1423
    65    2104      20    520   106 1044    122      3     306 1425
    66    2105      20    521   106 1046    123      3     306 1427
    67    2106      20    522   106 1048    124      3     306 1429
    68    2107      20    523   106 1050    125      3     306 1431
    69    2108      20    524   106 1052    126      3     306 1433
    70    2109      20    525   106 1054    127      3     306 1435