The image contains an extensive tabular chart with numerical data and text labels. It appears to be an "ADIABATIC CHART" based on the title at the top of the image. There are no human faces or identities visible in this image.

ADIABATIC CHART
NORMAL CONDENSOR TEMPERATURE 100째F
NORMAL COMPRESSION RATIO 8.0
SUPERHEAT AT START OF EXPANSION 20째F
REFRIGERANT - R-12
CONDENSOR TEMPERATURE 째F
EVAPORATOR TEMPERATURE 째F
-20 -15 -10 -5 0 5 10 15 20 25 30 35 40 45 50 55 60 65 70 75 80 85 90 95 100 105 110 115 120 125 130 135 140 145 150 155 160 165 170 175 180 185 190 195 200
-30 130 116 102 88 75 63 52 41 31 22 13 6 0 -6 -12 -18 -24 -29 -34 -40 -44
-25 144 131 118 105 92 80 68 57 46 35 25 16 8 0 -7 -13 -19 -25 -30 -36 -41
-20 159 146 134 121 109 97 85 74 63 52 42 32 23 15 7 0 -5 -11 -17 -22 -27
-15 175 163 151 138 126 114 103 92 81 70 60 50 42 33 24 16 8 0 -6 -12 -17
-10 192 180 168 156 145 134 122 111 101 90 81 71 62 53 44 35 27 19 10 2 -3
-5 210 198 187 176 165 154 143 133 122 112 102 92 83 74 65 56 47 38 29 21 13
0 228 217 206 195 185 174 164 154 144 134 124 114 105 97 88 79 70 61 52 44 36
+5 247 237 227 216 206 196 186 176 166 156 147 138 129 120 110 102 92 84 75 67 58
+10 267 257 247 237 227 217 207 197 188 178 169 159 150 141 132 123 114 105 96 88 79
+15 288 278 268 258 248 238 228 219 209 199 190 180 171 162 153 144 135 126 117 108 99
+20 308 298 288 278 268 258 248 238 228 218 209 199 190 180 171 162 153 144 135 126 117
+25 329 319 309 299 289 278 268 258 248 238 228 218 208 199 189 180 170 161 151 142 133
+30 350 340 330 320 309 299 289 279 268 258 248 238 228 218 208 198 189 179 170 160 150
+35 371 361 350 340 330 319 309 298 288 278 268 258 247 237 227 217 207 197 187 177 168
+40 392 381 371 360 350 339 328 318 307 297 286 276 265 255 245 234 224 213 203 193 183
+45 413 402 391 380 369 358 347 336 325 314 303 292 282 271 260 249 239 228 218 207 196
+50 434 422 411 400 388 377 365 354 342 331 320 309 298 287 276 265 254 243 232 221 210