The image provided does not contain a photograph. It appears to be a scanned document or report with text and numerical data. As an optical character recognition (OCR) system, I will output the text found in the document:

ADIAEATIC CHART

11 SEP 61 

13 10 40 2 11 1 
13 11 25 1 11 1
13 12 28 2 11 1
13 12 59 1 11 1
13 13 20 1 11 1
13 13 30 2 11 1
13 14 10 1 11 1
13 14 20 2 11 1
13 14 32 2 11 1
13 14 45 2 11 1
13 15 9 4 11 2
13 15 25 2 11 1
13 15 45 1 11 1
13 16 5 4 11 2
13 16 25 4 11 2
13 16 41 4 11 2
13 16 55 4 11 2
13 17 8 4 11 2
13 17 20 4 11 2 
13 17 32 4 11 2
13 17 45 4 11 2
13 18 0 4 11 2
13 18 14 4 11 2
13 18 29 4 11 2
13 18 43 4 11 2
13 18 57 4 11 2
13 19 11 4 11 2
13 19 25 4 11 2
13 19 39 4 11 2
13 19 53 4 11 2
13 20 7 4 11 2
13 20 21 4 11 2
13 20 35 4 11 2
13 20 49 4 11 2
13 21 3 4 11 2
13 21 17 4 11 2
13 21 31 4 11 2
13 21 45 4 11 2
13 21 59 4 11 2
13 22 13 4 11 2
13 22 27 4 11 2