The image appears to contain a page from an old UFO report document. There is no photograph present in this particular image, which appears to be a table of data. 

OCR output:

MARCH 19, 1963

1 7. 1 0.2 1.0 2. 1 .3 .4 .5 .6 .7 .8 .9 1.0 1.1 1.2
1 7.4 8.1 8.1 8.1 8.2 8.2 8.2 8.3 8.3 8.3 8.4 8.4 8.4
1 7.4 8.1 8.1 8.1 8.2 8.2 8.2 8.3 8.3 8.3 8.4 8.4 8.4
1 7.4 8.1 8.1 8.1 8.2 8.2 8.2 8.3 8.3 8.3 8.4 8.4 8.4
1 7.3 8.0 8.0 8.0 8.1 8.1 8.1 8.2 8.2 8.2 8.3 8.3 8.3
1 7.3 8.0 8.0 8.0 8.1 8.1 8.1 8.2 8.2 8.2 8.3 8.3 8.3
MARCH 20, 1963
1 7.2 7.9 7.9 8.0 8.0 8.0 8.1 8.1 8.1 8.2 8.2 8.2 8.3
1 7.2 7.9 7.9 8.0 8.0 8.0 8.1 8.1 8.1 8.2 8.2 8.2 8.3
1 7.1 7.8 7.9 7.9 8.0 8.0 8.0 8.1 8.1 8.1 8.2 8.2 8.2
1 7.1 7.8 7.9 7.9 8.0 8.0 8.0 8.1 8.1 8.1 8.2 8.2 8.2
1 7.0 7.7 7.8 7.9 7.9 8.0 8.0 8.0 8.1 8.1 8.1 8.2 8.2
1 7.0 7.7 7.8 7.9 7.9 8.0 8.0 8.0 8.1 8.1 8.1 8.2 8.2
MARCH 21, 1963
1 6.9 7.6 7.7 7.8 7.9 7.9 8.0 8.0 8.0 8.1 8.1 8.1 8.2
1 6.9 7.6 7.7 7.8 7.9 7.9 8.0 8.0 8.0 8.1 8.1 8.1 8.2
1 6.8 7.5 7.6 7.7 7.8 7.9 7.9 7.9 8.0 8.0 8.0 8.1 8.1
1 6.8 7.5 7.6 7.7 7.8 7.9 7.9 7.9 8.0 8.0 8.0 8.1 8.1
1 6.7 7.4 7.5 7.6 7.7 7.8 7.9 7.9 7.9 8.0 8.0 8.0 8.1
1 6.7 7.4 7.5 7.6 7.7 7.8 7.9 7.9 7.9 8.0 8.0 8.0 8.1
MARCH 22, 1963
1 6.6 7.3 7.4 7.5 7.6 7.7 7.8 7.9 7.9 7.9 8.0 8.0 8.0
1 6.6 7.3 7.4 7.5 7.6 7.7 7.8 7.9 7.9 7.9 8.0 8.0 8.0
1 6.5 7.2 7.3 7.4 7.5 7.6 7.7 7.8 7.9 7.9 7.9 8.0 8.0
1 6.5 7.2 7.3 7.4 7.5 7.6 7.7 7.8 7.9 7.9 7.9 8.0 8.0
1 6.4 7.1 7.2 7.3 7.4 7.5 7.6 7.7 7.8 7.9 7.9 7.9 8.0
1 6.4 7.1 7.2 7.3 7.4 7.5 7.6 7.7 7.8 7.9 7.9 7.9 8.0
MARCH 23, 1963
1 6.3 7.0 7.1 7.2 7.3 7.4 7.5 7.6 7.7 7.8 7.9 7.9 7.9
1 6.3 7.0 7.1 7.2 7.3 7.4 7.5 7.6 7.7 7.8 7.9 7.9 7.9
1 6.2 6.9 7.0 7.1 7.2 7.3 7.4 7.5 7.6 7.7 7.8 7.9 7.9
1 6.2 6.9 7.0 7.1 7.2 7.3 7.4 7.5 7.6 7.7 7.8 7.9 7.9
1 6.1 6.8 6.9 7.0 7.1 7.2 7.3 7.4 7.5 7.6 7.7 7.8 7.9
1 6.1 6.8 6.9 7.0 7.1 7.2 7.3 7.4 7.5 7.6 7.7 7.8 7.9