The image appears to contain a table or spreadsheet with numerical data, but no photograph. As an OCR system, I will output all the text found in the document:

SATELLITE ORBITAL ELEMENTS FOR EARTH SATELLITES 1963

MARCH 13. 1963  MARCH 16, 1963

3.0554 16.89012 0.0075 11.24 77.55 89.46
3.2231 16.74859 0.0078 11.12 77.99 89.02
3.5704 16.69012 0.0085 10.98 78.53 88.48
3.7138 16.61400 0.0092 10.88 78.88 87.97
3.8572 16.53787 0.0101 10.78 79.21 87.44
3.9206 16.46175 0.0110 10.69 79.46 86.92
3.9840 16.38562 0.0119 10.59 79.70 86.39

EQUATORIAL ORBITAL ELEMENTS FOR EARTH SATELLITES 1963

MARCH 13, 1963  MARCH 16, 1963

3.0554 16.89012 0.0075 11.24 77.55 89.46
3.2231 16.74859 0.0078 11.12 77.99 89.02
3.5704 16.69012 0.0085 10.98 78.53 88.48
3.7138 16.61400 0.0092 10.88 78.88 87.97
3.8572 16.53787 0.0101 10.78 79.21 87.44
3.9206 16.46175 0.0110 10.69 79.46 86.92
3.9840 16.38562 0.0119 10.59 79.70 86.39

MODIFIED ORBITAL ELEMENTS FOR EARTH SATELLITES 1963

MARCH 13, 1963  MARCH 16, 1963

3.0554 16.89012 0.0075 11.24 77.55 89.46
3.2231 16.74859 0.0078 11.12 77.99 89.02
3.5704 16.69012 0.0085 10.98 78.53 88.48
3.7138 16.61400 0.0092 10.88 78.88 87.97
3.8572 16.53787 0.0101 10.78 79.21 87.44
3.9206 16.46175 0.0110 10.69 79.46 86.92
3.9840 16.38562 0.0119 10.59 79.70 86.39

VERIFIED ORBITAL ELEMENTS FOR EARTH SATELLITE 1963

MARCH 13, 1963  MARCH 16, 1963

3.0554 16.89012 0.0075 11.24 77.55 89.46
3.2231 16.74859 0.0078 11.12 77.99 89.02
3.5704 16.69012 0.0085 10.98 78.53 88.48
3.7138 16.61400 0.0092 10.88 78.88 87.97
3.8572 16.53787 0.0101 10.78 79.21 87.44
3.9206 16.46175 0.0110 10.69 79.46 86.92
3.9840 16.38562 0.0119 10.59 79.70 86.39