The image appears to be a page from an old UFO report document from Project Blue Book. It contains a large table of numerical data, but does not appear to contain any photographs.

As an OCR (Optical Character Recognition) system, I will now produce the text found in the document:

SATELLITE 1960-1961
TIME LONG. LAT. TIME LAT/LONG SOUTH-NORTH NORTH-SOUTH
PASS PASSED PASS PASSED PASS LAT/LONG PASS LAT/LONG
JUNE 15, 1963
1 0.11 119.49 43.3 -6.3 -82.77 1600 50.82 1558 -49.18
2 3.51 121.23 41.8 -10.5 -77.92 1618 48.83 1616 -51.17
3 6.49 122.08 41.5 -15.1 -73.92 1637 43.41 1635 -56.59
4 9.29 122.22 39.1 -19.9 -67.41 1654 35.91 1653 -64.09
5 11.56 121.44 39.8 -23.7 -61.23 1708 28.03 1707 -71.97
6 14.13 119.38 38.9 -27.0 -53.65 1719 20.00 1719 -80.00
7 16.22 115.49 38.0 -29.4 -46.32 1730 12.56 1730 -87.44
8 18.10 111.49 36.5 -30.9 -40.97 1739 5.61 1740 -94.39
9 19.40 107.18 34.0 -31.4 -35.77 1747 -1.34 1748 -101.34
10 20.41 103.32 29.4 -30.8 -31.46 1753 -8.00 1754 -108.00
11 21.12 100.14 25.8 -29.2 -28.54 1758 -13.81 1759 -113.81
12 21.17 98.01 21.6 -27.4 -26.18 1802 -18.60 1803 -118.60
13 20.48 96.50 15.4 -24.6 -24.78 1805 -22.33 1807 -122.33
14 19.51 96.01 9.4 -21.2 -24.21 1808 -25.12 1810 -125.12
15 18.38 95.41 3.3 -17.1 -24.22 1811 -27.16 1812 -127.16
16 17.14 95.04 -2.9 -12.6 -24.47 1813 -28.58 1814 -128.58
17 15.41 94.31 -9.0 -7.7 -24.84 1815 -29.50 1816 -129.50
18 14.04 93.52 -14.9 -2.2 -25.17 1816 -30.12 1817 -130.12
19 12.26 93.06 -20.4 3.0 -25.42 1817 -30.43 1818 -130.43
20 10.49 92.11 -25.3 8.3 -25.63 1818 -30.53 1819 -130.53
21 9.14 90.58 -29.5 13.5 -25.80 1819 -30.40 1820 -130.40
22 7.46 89.29 -32.9 18.6 -25.85 1819 -30.06 1820 -130.06
23 6.21 87.54 -35.2 23.2 -25.78 1819 -29.25 1821 -129.25
24 4.59 86.09 -36.4 27.5 -25.60 1819 -28.11 1821 -128.11
25 3.38 84.07 -36.2 31.3 -25.27 1818 -26.51 1821 -126.51
26 2.20 81.52 -34.4 34.4 -24.79 1817 -24.51 1821 -124.51
27 1.05 79.17 -30.5 36.7 -24.18 1815 -21.83 1820 -121.83

JUNE 18, 1963
1 . 29.5 116.37 47.4 26.3 -82.26 1630 -5.52 1624 -94.44
2 3.29 115.11 45.5 23.1 -79.48 1648 0.81 1642 -89.19
3 6.37 113.24 43.5 19.0 -74.96 1701 6.22 1655 -83.78
4 9.12 111.27 43.0 14.3 -68.95 1710 10.02 1705 -79.98
5 11.28 108.56 41.0 8.3 -61.91 1718 12.35 1714 -77.65
6 13.20 105.32 37.9 1.7 -53.87 1725 13.20 1722 -76.80
7 14.51 101.52 35.0 -5.0 -45.82 1731 12.54 1728 -77.46
8 15.58 97.31 33.5 -10.8 -37.98 1735 10.44 1733 -79.56
9 16.44 93.10 30.5 -16.3 -31.14 1740 7.32 1736 -82.68
10 17.10 89.40 27.4 -21.4 -25.38 1743 2.98 1739 -87.02
11 17.15 86.45 22.6 -26.1 -20.76 1745 -2.04 1741 -92.04
12 16.50 84.23 15.6 -29.5 -17.29 1746 -6.78 1743 -96.78
13 15.49 82.53 7.6 -31.5 -14.74 1747 -10.40 1745 -100.40
14 14.29 81.38 -0.2 -31.8 -12.96 1748 -13.11 1746 -103.11
15 12.58 80.12 -8.0 -30.9 -11.75 1749 -14.91 1747 -104.91
16 11.22 78.39 -15.1 -29.1 -10.93 1749 -15.92 1748 -105.92
17 9.46 76.28 -21.1 -26.4 -10.47 1749 -16.21 1748 -106.21
18 8.15 72.59 -25.9 -23.0 -10.21 1749 -15.90 1748 -105.90
19 6.47 68.42 -29.3 -19.1 -9.98 1748 -15.07 1748 -105.07
20 5.24 63.54 -30.9 -14.6 -9.65 1747 -13.64 1747 