The image provided does not contain any photographs. It appears to be a page from an old document with text in a grid-like format.

OCR Output:
1. 1. 2311 5 9 9 97-1. 0 C.. 1911 5 10
2. 1. 3902 5 15 97-5. 0 C.. 1911 5 12
3. 1. 5700 5 9 97-3. 0 C.. 1911 5 10
4. 1. 8402 5 7 97-2. 0 C.. 1911 5 8
5. 1. 9305 5 15 97-4. 0 C.. 1911 5 12
6. 1. 9902 5 10 97-1. 0 C.. 1911 5 11
7. 2. 0203 5 12 97-2. 0 C.. 1911 5 12
8. 2. 1012 5 7 97-3. 0 C.. 1911 5 8
9. 2. 1312 5 10 97-4. 0 C.. 1911 5 11
10. 2. 1612 5 13 97-5. 0 C.. 1911 5 13
11. 2. 2014 5 10 97-1. 0 C.. 1911 5 11
12. 2. 2304 5 13 97-2. 0 C.. 1911 5 13
13. 2. 2612 5 14 97-3. 0 C.. 1911 5 14
14. 2. 2915 5 12 97-4. 0 C.. 1911 5 12
15. 2. 3213 5 15 97-5. 0 C.. 1911 5 14
16. 2. 3512 5 11 97-1. 0 C.. 1911 5 12
17. 2. 3812 5 14 97-2. 0 C.. 1911 5 13
18. 2. 4111 5 13 97-3. 0 C.. 1911 5 13
19. 2. 4411 5 15 97-4. 0 C.. 1911 5 14
20. 2. 4713 5 12 97-5. 0 C.. 1911 5 12
21. 2. 5009 5 13 97-1. 0 C.. 1911 5 13
22. 2. 5306 5 15 97-2. 0 C.. 1911 5 14
23. 2. 5611 5 14 97-3. 0 C.. 1911 5 13
24. 2. 5912 5 12 97-4. 0 C.. 1911 5 12
25. 2. 6216 5 15 97-5. 0 C.. 1911 5 14