The image does not contain any photograph. It appears to be a page from a Project Blue Book document containing numerical data in the form of tables.

SATELLITE 1960 DATA I
STATION - CHMABERLAIN, S. DAK.
SATELLITE - EXPLORER XII
TIME - LOCAL
LAT. - LON.
APRIL 9, 1963
7.59 7.56 17.34 78.2
10.0 39.9 4.27 77.4 
13.0 40.6 -8.58 76.5
15.59 40.5 -16.59 75.8
19.0 39.1 -19.5 75.2
22.0 35.5 -16.9 74.9
APRIL 10, 1963
1.0 27.7 -9.6 74.8
4.0 15.6 4.39 75.0
7.0 2.1 15.26 75.4
9.59 -8.3 20.53 76.0
13.0 -13.8 19.48 76.6
16.0 -12.6 11.92 77.2
19.0 -5.1 0.2 77.7
22.0 5.4 -8.3 78.1
APRIL 11, 1963
1.0 12.5 -13.1 78.3
4.0 17.2 -13.7 78.3
7.0 18.6 -9.1 77.9
9.59 16.5 1.0 77.4 
13.0 10.4 12.1 76.7
16.0 0.5 18.1 76.1
19.0 -7.6 17.5 75.7
22.0 -11.3 10.3 75.4
APRIL 12, 1963
1.0 -10.1 -0.1 75.2
4.0 -5.7 -7.7 75.4
7.0 0.2 -10.4 75.8
9.59 5.7 -8.6 76.2
13.0 9.5 -2.0 76.6
16.0 10.9 3.5 77.0
19.0 8.1 6.1 77.4
22.0 2.2 5.7 77.7
APRIL 13, 1963
1.0 -4.7 2.9 78.0
4.0 -9.2 -1.6 78.2
7.0 -10.6 -4.9 78.2
9.59 -8.5 -6.5 78.1
13.0 -1.8 -5.0 77.8
16.0 5.3 -1.4 77.4
19.0 10.1 2.1 77.0
22.0 12.2 4.6 76.7