The image appears to be a page from a Project Blue Book report document. It does not contain any photographs, only a table with numerical data and text.

17215; 45; 17120; 30.5
17000; 89; 17720; 30.1
16345; 70; 17120; 31.4
20210; 71; 16590; 31.9
20395; 72; 16590; 32.3
21085; 74; 16590; 33.2
21342; 75; 20060; 35.4
21625; 76; 20060; 35.0
21994; 77; 22200; 34.0
22185; 78; 22200; 34.0
22375; 79; 21400; 34.0
22750; 80; 21400; 34.0
22940; 81; 22000; 33.9
23320; 82; 22200; 36.0
23600; 83; 22200; 36.0
23802; 84; 22200; 37.1
24160; 85; 22100; 37.1
24440; 86; 22100; 36.5
24736; 87; 21400; 36.5
25010; 88; 21400; 40.3
25300; 89; 21400; 40.9
25580; 90; 21590; 40.9
25960; 91; 21600; 41.4
26140; 92
26475; 93
26700; 94
27205; 95
27345; 96
27702; 97
28100; 99
28105; 100
29660; 101
29840; 102
29325; 103
29365; 104
29792; 105