The image does not contain any photographs. It appears to be a page from a Project Blue Book report, specifically a list or table of data related to a UFO sighting.

U.S. DEPARTMENT  OF  COMMERCE  
WIND-ALLO COMPUTATIONS 
(LAND STATION  WIND-20)

WASHINGTON,  D.C., 8  MAY  1964  0921  N  LONG.-77"  28' W  
ELEVATION  ANGLES  AND AZIMUTHS  ABOVE  SEA  LEVEL

Page
T

Mean
Alt. ft.
(Calculated)
Bearing
True
Elevation
angle* 
Elevation
angle 
Distance from
observation
point km. 
Azimuth 
angle
Date
Time
Remarks

8228.7 
3.7 
22.9
2.6
1.7
3.3
1

8130.7
4.0
23.0
2.7
1.7
3.4
2

8111.6
4.0
22.9
2.7 
1.7
3.4
3

8033.1
4.3
22.9
2.8
1.8
3.5
4

7953.1
4.6
23.0
3.0
1.9
3.7
5

7901.4
4.7
23.0
3.0
1.9
3.8
6

7826.0
5.0
23.0
3.2
2.0
3.9
7

7747.3
5.3
23.0
3.4
2.1
4.1
8

7712.6
5.5
23.0
3.5
2.1
4.2
9

7659.0
5.7
23.0
3.6
2.2
4.4
10

7594.4
6.0
22.9
3.8
2.3
4.5
11

7533.2
6.3
22.8
4.0
2.4
4.7
12

7460.8
6.6
22.8
4.2
2.5
4.9
13

7416.0
6.8
22.6
4.3
2.6
5.0
14

7359.1
7.0
22.5
4.4
2.7
5.1
15

7301.5
7.2
22.4
4.6
2.8
5.3
16

7235.3
7.5
22.2
4.8
2.9
5.5
17

7174.8
7.8
22.0
4.9
3.0
5.6
18

7102.2
8.1
21.8
5.1
3.1
5.8
19

7034.6
8.4
21.6
5.3
3.2
6.0
20

6997.7
8.6
21.4
5.4
3.3
6.1
21

6946.1
8.8
21.2
5.6
3.4
6.3
22

6886.1
9.1
20.9
5.8
3.5
6.5
23

6825.8
9.4
20.6
6.0
3.6
6.6
24

6768.1
9.6
20.3
6.1
3.7
6.8
25

6711.0
9.9
20.0
6.3
3.8
7.0
26

6654.2
10.1
19.6
6.4
3.9
7.1
27

6546.3
10.6
19.0
6.8
4.1
7.5
28

6459.0
11.0
18.5
7.1
4.3
7.8
29

6432.5
11.2
18.2
7.2
4.4
8.0
30

6387.2
11.4
17.9
7.4
4.5
8.1
31

6341.5
11.6
17.6
7.5
4.6
8.3
32

6227.0
12.1
16.9
7.9
4.8
8.6
33

6162.7
12.5
16.2
8.1
5.0
9.0
34

6098.7
12.9
15.6
8.3
5.1
9.3
35

6034.9
13.2
15.0
8.5
5.3
9.6
36

5973.0
13.6
14.4
8.7
5.4
9.9
37

5912.4
14.0
13.8
9.0
5.6
10.2
38

5853.4
14.4
13.2
9.2
5.7
10.5
39

5820.2
14.6
12.9
9.4
5.8
10.7
40

5786.0
14.8
12.5
9.5
5.9
10.9
41

5751.6
15.1
12.1
9.7
6.0
11.1
42

5718.0
15.3
11.7
9.9
6.1
11.3
43

5685.2
15.5
11.3
10.1
6.2
11.5
44

5653.0
15.7
10.9
10.2
6.3
11.7
45

5622.4
16.0
10.5
10.4
6.4
12.0
46

5593.0
16.2
10.1
10.6
6.5
12.2
47

5564.4
16.4
9.7
10.8
6.6
12.3
48

5533.8
16.6
9.4
10.9
6.7
12.5
49

5505.7
16.8
9.0
11.1
6.8
12.7
50