There is no photograph present in this image. It appears to be a page from a document that contains a table with various data entries.

19449 0 1949-0 20.1 1730 25.3 46.0 2.0
19425 71 1949-0 30.4 3220 55.1 197.65
18415 77 1950-9 2.0 415.00 9.6 9.14 165.50
21185 73 1950-0 2.1 2100.0 32.7 29.46 154.25
21120 76 1950-0 2.1 2100.0 33.7 29.46 179.15
21340 80 1951-0 2.29 3910.0 35.1 57.14 199.45
23260 84 1952-0 1.79 3000.0 57.75 46.25 66.25
24440 86 2.9.7 86
25370 87 87
25010 88 88
25300 89 89
25150 90 90
25860 91 91
26142 92 92
26429 93 93
26700 94 94
26580 95 95
27740 96 96
27640 97 97
27820 98 98
28125 99 99
28350 100 100
28640 101 101
28940 102 102
29120 103 103
29160 104 104
29360 105 105