This page from the Project Blue Book document does not contain any photographs. It appears to be a tabular data sheet with various numerical values and other information.

TEXT FROM THE DOCUMENT:

176170 23 SIGHTING 359 22200 43 207 20
17255 63 SIGHTING 359 21600 45 207 20
17235 64 SIGHTING 340 22060 45 307 5.1
16815 65 SIGHTING 340 22000 48 307 5.1
16805 66 SIGHTING 342 21500 49 307 5.1
15360 68 SIGHTING 361 23320 48 303 5.0
15345 69 SIGHTING 361 270 48 303 5.0
15925 70 SIGHTING 358 23820 46 270 4.0
20510 71 SIGHTING 362 2914 71 165 3.0
20495 72 SIGHTING 301 24100 73 299 3.0
21065 74 SIGHTING 301 21550 73 221 2.5
21340 75 SIGHTING 307 20720 76 108 3.5
21620 76 SIGHTING 307 24725 77 165 3.0
21905 77 SIGHTING 227 24725 77 165 3.0
22185 78 SIGHTING 270 25200 78 181 2.0
22470 79 SIGHTING 270 25300 80 137 2.0
22360 80 SIGHTING 301 25200 81 140 1.5
22040 81 SIGHTING 375 25200 82 142 2.0
23320 82 SIGHTING 401 25200 83 140 1.5
23600 83 SIGHTING 405 25200 84 142 2.0
23880 84 SIGHTING 408 25050 84 142 2.0
24160 85 SIGHTING 413 25050 85 135 3.0
24445 86 SIGHTING 418 24920 86 35 3.0
24730 87 SIGHTING 424 24620 87 35 6.0
25215 88 SIGHTING 473 23620 88 35 6.0
25300 89 SIGHTING 441 23620 89 12 6.0
25585 90 SIGHTING 441 23620 90 12 6.0
26000 91 SIGHTING 455 23620 91 12 6.0
26145 92 SIGHTING 461 23320 92 12 6.0
26435 93 SIGHTING 466 23300 93 13 6.0
26700 94 SIGHTING 495 23300 94 13 6.0
27000 94 SIGHTING 498 23300 95 13 6.0
27260 96 SIGHTING 493 23300 96 13 6.0
27545 97 SIGHTING 493 31700 97 14 -
27730 98 SIGHTING 503 27550 98 102 9.0
28100 99 SIGHTING 510 27550 99 102 9.0
28350 100 SIGHTING 516 27550 100 102 9.0
28605 101 SIGHTING 519 21300 101 - 2.0
28940 102 SIGHTING 525 21300 102 16 2.0
29220 103 SIGHTING 629 21020 103 16 4.0
29500 104 SIGHTING 535 21020 104 16 4.0
29770 105 SIGHTING 543 21020 105 - 4.0