The image does not contain any photographs. It appears to be a table with various data points, likely from a UFO report document.

Cl. of Station  2425  12  2570  233   4600  221.7 12  1.5  75 6.25  7.6
Fld. Stren.   2476  13  3280  24.4   7120  226.5 13  2.5  75 2.5  10.6
Azim.,ndig.   2490  14  3190  27.7   7220  226.7 14  4.6  75 0.21  10.7
Type of  2500  15  3740  269.7   7500  56.1 15  1.8
motio Reg.   2489  16  1700  28.3   7550  271.0 16  1.72
Dur.,sec.   3115  17  420  20.1   7900  1.23.2 17  1.1
Brig.   3316  18  1620  30.4   6000  225.6 18  1.1  100 1.7  15.2
GND-1A., 3315  19  480  37.7   6200  222.3 19  1.0  100 1.7  15.2
GNDL., 3315  20  5030  51.0   5200  22.1 20  1.0 110 1.1  15.2
headlite 3872  21  5320  71.6   5700  24.3 21  2.0 118 2.7  1.6
Size   4040  22  5950  31.9   5900  22.5 22  1.0 125 2.5  7.3
4410  23  2370  25.3   6500  25.7 23  1.8 130 1.0  2.1
4390  24  6050  35.9   5600  125.4 24  3.0 133 3.0  1.
4400  25  4600  52.2   4670  129.6 25  1.7 136 2.4  .1
Termination  4401  26  4600  32.2   4670  29.0 26  1.7 139 2.7
4401  27  4620  34.6   9500  22.1 27  1.1 144 2.977 
time, Ter. 4315  28  4370  36.6    20.1 28  1.1 148 3.2
Ait. for  4315  29  2450  36.0   10000  25.9 29  1.0 154 3.5
120 & spe-  4315  30  2600  36.1   10600  22.4 30  1.0 159 4.0
ed to be  4335  31  2900  26.6   10860  22.4 31  4.0 165 3.85
noted,   4335  32  6950  39.6   10280  26.3 32  5.0
alse 4335  33  9730  41.3   10230  22.6 33  5.3
for stan-  4334  34  10230  41.4   10280  22.6 34  3.0
dard levels  4333  35  7940  39.7   10230  22.6 35  3.0
with to be 11658  36  7940  41.4   10230  22.6 36  3.2
 11658  37  7940  43.7   10230  22.6 37  3.0
Passed Card Date: 

Type of
equipment:
1. dc. rf.
2. Dc., shrt. p. T
3. dc. tr. p. 
4. ac. rf.
5. Dc.

Title:

Location: Whiteman AFB, Missouri