The image does not contain any photograph, only a table with data related to a "WINDS-ALOFT COMPUTATION SHEET (LAND STATION FORM)".

OCR Output:

COLUMBIA, MO.
U.S. DEPARTMENT OF COMMERCE
WEATHER BUREAU
WINDS-ALOFT COMPUTATION SHEET
(LAND STATION FORM)
WBAN-20

Serial Eleva- Distance from Azimuth Wind
Level tion amsl Observed Smoothed observation Angle Direction Speed
(mb) (meters)
(km)
15939 51 17940 15.4 26420 244 15 17.0
15932 52 13900 15.3 28100 235 16 17.9
15425 54 15950 17.3 29920 243 17 12.0
13758 57 12750 12.3 41720 234 15 15.9
16545 58 14810 15.4 47000 249 18 17.0
16453 59 14430 16.1 95300 260 10 15.0
17302 60 15800 17.5 46400 272 10 12.6
17385 61 16800 15.5 46400 272 6 12.9
17458 62 16610 16.3 47770 278 6 12.4
18315 65 15540 17.9 48200 239 6 12.5
18793 66 19.414 9.20 48200 244 9 15.2
19286 67 18.13 133. 370.0 237 8 17.3
19266 68 17.28 18.39 97.00 230 8 16.5
19445 69 15.84 20.11 97.00 230 7 14.1
19225 70 15.12 20.4 97.00 230 7 12.0
20210 71 17.50 20.6 49.500 220 7 12.6
20040 72 17.11 21.1 49.000 249 7 14.7
21052 74 17.20 21.5 49.000 236 6 15.0
21340 75 20.00 21.5 92.100 224 6 11.9
21193 77 20.00 22.0 92.100 215 5 12.5
21878 79 21.40 22.7 50.200 224 5 10.5
22325 80 21.40 23.0 50.200 245 5 10.7
23040 81 22.40 23.7 50.200 245 5 11.5
23320 82 22.40 24.1 50.200 175 5 10.0
23600 83 22.80 24.9 50.000 177 5 10.0
23900 84