The image does not contain any photographs. It appears to be a page from an old Project Blue Book report, containing a table or log with various data entries.

18445    49    76/3600       775.9      11.03                                                                                                                                                                                   
19029    71    76/3600       2724       4053.0    7.76.4    252.9        5.35                                                                                                                                                
20210    71    1975/6        2924       4053.0                236.6                                                                                                                                                            
21065    74    7360          2291       4130.0    9.06.4    256.6        5.35                                                                                                                                                
21124    74    7360          2291       4130.0    9.06.4    256.6        5.35                                                                                                                                                
21965    77    19160         2292       1990.0    7.14.1    249.5        5.55                                                                                                                                                
22185    79    19600         2746       2070.0    7.10.3    239.0        6.10                                                                                                                                                
22470    80    19600         2746       2070.0    7.10.3    239.0        6.10                                                                                                                                                
23040    81    1817          2746       2047.0    8.10.2    246.5        6.10                                                                                                                                                
23325    82    2520          2917       2429.0    8.40.6    257.5        7.15                                                                                                                                                
23565    83    24940         2950       4490.0    9.55.6    286.0        9.80                                                                                                                                                
24432    84    29400         2950       4490.0    9.55.6    286.0        9.80                                                                                                                                                
25496    87    31350         3062       4473.0    9.51.4    290.5        10.0                                                                                                                                               
26016    88    31350         3062       4473.0    9.51.4    290.5        10.0                                                                                                                                               
26300    89    26700         2977       4490.0    9.55.2    291.0        9.10                                                                                                                                                
26530    90    26700         2977       4490.0    9.55.2    291.0        9.10                                                                                                                                                
26860    91    13500         2912       4420.0    9.21.1    259.0        9.20                                                                                                                                                
26910    92    13500         2912       4420.0    9.21.1    259.0        9.20                                                                                                                                                
27020    93    23750         2962       4130.0    9.33.1    257.1        9.40                                                                                                                                                
27050    94    23750         2962       4130.0    9.33.1    257.1        9.40                                                                                                                                                
27560    95    24730         3050       4300.0    9.30.1    235.1        9.40                                                                                                                                                
27649    97    54/130        3050       4300.0    9.30.1    236.9        9.50                                                                                                                                                
27829    98    19020         3050       4249.0    9.34.4    263.0        9.20                                                                                                                                                
28100    99    15300         3050       4249.0    9.34.4    271.0        9.10                                                                                                                                                
28352    100   15300         3050       4249.0    9.34.4    271.0        9.10                                                                                                                                                
28600    101   15990         3115       4020.0    9.36.1    241.0        9.30                                                                                                                                                
29342    102   15990         3115       4020.0    9.36.1    241.0        9.30                                                                                                                                                
29220    103   16590         3115       4180.0    9.41.1    233.0        9.20                                                                                                                                                
29880    104   16590         3115       4180.0    9.41.1    233.0        9.20