The image appears to be a page from a UFO report document, but it does not contain any photographs. It seems to be a table or chart with various data entries related to UFO sightings.

Here is the text from the document:

17953 63 26 626 68 3
16335 44 16,270 41.5 172.00 26.27 64 277 5.8
18355 45 17,600 45.0 176.00 27.27 64 220 3.1
19089 47 11,6 177.00 26.16 67 161 1.0
19362 48 K 210 41.6 177.00 26.16 68 161 1.0
19443 49 16,900 11.6 17800 26.15 69 131 1.5
19623 50 4700 11.7 17800 26.1 70 121 1.5
20310 71 15500 47.0 18000 26.1 71 101 2.0
20495 72 15500 47.0 18000 26.1 72 101 2.0
20774 72 2075D 48.6 17500 25.7 74 65 2.5
21345 74 2075D 48.6 17500 25.7 75 50 2.5
21420 76 20570 50.1 16500 26.4 76 47 2.5
21595 77 21549 51.4 17200 26.1 77 372 2.0
22185 78 21549 51.5 17200 26.1 78 372 2.0
22475 78 22210 51.7 172.00 26.1 79 324 2.0
22729 80 22210 63.3 172.00 26.1 80 324 2.0
23040 81 2303D 52.8 172.00 26.1 81 277
23212 82 2303D 52.7 172.00 26.1 82 277
23690 83 7215D 54.0 172.00 26.4 84 171 1.0
24162 85 24,2-69 56.5 16,00 26.7 86 175
24440 86 21,2-69 56.5 16,00 26.7 86 175
24735 87 2500 9 117,00 26.1 87 135
25010 88 2800 9 117.00 26.1 88 135
25300 89 7,5110 6.1 12,7500 26.6 89 102 10+
25850 90 2,6310 6,5 11,700 26.1 91 75 6.6
26144 91 2,6310 6.2 11,700 26.2 92 75 6.6
26420 93 27,0410 6.0 16.00 26.1 94 96 6.3
26760 94 27,0410 6.1 16.00 26.1 95
26930 95 1,7250 4.1 8,30 26.4 98
27340 92 72.6 9,750 26.1 97
27620 98 7,9320 7.1 9,750 26.4 98 3.4
28100 99 2,6 (10) 7.1 9,700 26.5 99
28300 100 2.35 100
28600 101 6,9168 101
28846 102 6,9168 102
23200 103 103
25900 104 104
25700 105 105