The image does not contain any photograph. It appears to be a page from a Project Blue Book UFO report document, specifically a Wind-Aloft Computation Sheet (Landstation Form) from Whiteman AFB in Missouri dated September 9, 1964.

TEXT EXTRACTED FROM THE DOCUMENT:

COLUMBIA, MO.
38° 56' 12" N 92° 22' W
LST-003 Meridian 21 238
Rawlinsonde WBRT-57

Page 1

Type of balloon: 6000 p

Slant
range
(miles)

Pilot
bal. alt.
(ft)

Azimuth

Elevation angle °
Observed Smoothed

Distance from
observation
point

Angle of
wind
(deg.)

Direction
(deg. T)

Speed
(kt.)

Time

215
414
912
1401
1620
1700
1900
2000
2100
2200
2300
2400
2500
2600
2635
2700
2800
2900
3000
3100
3200
3300
3400
3500
3600
3700
3800
3900
4000

1
2
3
4
5
6
7
8
9
10
11
12
13
14
15
16
17
18
19
20
21
22
23
24
25
26
27
28
29

260
450
720
1.10
1.20
1.70
2.20
2.40
2.70
2.90
3.10
3.70
4.20
4.70
5.00
5.70
6.10
6.50
6.80
7.90
8.10
9.70
11.10
13.7
15.0
16.3
18.5
20.1
20.7

17.24
17.29
17.40
16.33
16.49
17.50
19.13
20.45
22.27
23.01
23.77
25.15
26.33
27.34
28.09
29.28
30.01
30.44
30.69
31.98
32.71
33.53
34.87
36.37
37.32
38.11
39.78
41.28
41.38

58.9
61.0
51.0
52.0
51.0
53.0
55.0
55.0
57.0
57.0
57.0
57.0
57.0
57.0
57.0
57.0
57.0
57.0
57.0
57.0
57.0
56.0
56.0
54.0
51.0
48.0
45.0
43.0
42.5

207.7
214.5
217.7
212.0
211.0
223.9
225.6
225.8
227.0
231.7
233.4
234.3
236.5
237.4
238.1
239.5
240.1
240.7
241.0
244.2
245.4
247.1
248.9
251.4
252.6
253.7
256.6
258.4
258.7

3.1
3.1
3.6
4.2
4.6
4.3
3.6
3.2
2.6
1.9
1.6
1.3
0.9
0.6
0.3
0.0
-0.3
-0.6
-0.9
-1.7
-2.0
-2.6
-3.0
-3.5
-3.8
-4.1
-4.6
-5.1
-5.2

18
20
22
30
34
40
45
50
55
60
65
70
75
80
85
90
95
100
105
110
115
120
125
130
135

75.5
70.2
56.9
56.0
47.0
41.6
36.5
32.4
28.3
25.0
22.4
20.0
17.9
16.1
14.5
13.1
11.8
10.6
9.6
8.3
7.6
6.9
6.4
5.9
5.4

7.20
7.6
12.0
15.0
15.0
14.0
13.0
12.0
10.0
9.0
8.0
7.0
6.0
4.0
3.0
2.6
2.4
2.0
1.8
1.6
1.5
1.4
1.3
1.2
1.1