There is no photograph present in this image. The image appears to be a page from a technical document containing tabular data, likely related to satellite tracking or observation.

SMITHSONIAN ASTROPHYSICAL OBSERVATORY, CAMBRIDGE, MASSACHUSETTS
DECEMBER 9, 1965

SATELLITE 1964 SA, ECHO II

These observations are based on satellite 1964 SA, ECHO II, tracked on November 29, 1965.

EQUATOR   SATELLITE   EQUATOR   SATELLITE
DATE      LONG.    LAT.      TIME     LONG.   HT.           DATE      LONG.    LAT.      TIME     LONG.   HT.
          DEG.DEG.        H M      DEG. KM.                  DEG.DEG.        H M      DEG. KM.

11 28     24.74  -1.10   0 29  -24. 89   779    5.0      12  3     23.32    -.52   0 29  -23.22   772    1.7
11 29    249.38  -1.65   0 29   -21.18   776   14.6      12  4     55.12    -.97   0 29   -20.26   770   13.8
11 30    130.38  -3.60   0 29   -18.18   781   20.3      12  5     82.61   -1.42   0 29   -17.21   765   18.2
12  1     4.51  -4.89   0 29   -14.70   788   23.6      12  6    105.94   -1.86   0 29   -13.89   760   20.4
12  2     7.83  -5.90   0 29   -10.25   793   24.3      12  7    126.66   -2.31   0 29    -9.92   754   20.1
12  3    211.49  -6.65   0 29    -5.64   797   22.5      12  8    144.02   -2.74   0 29    -5.73   747   17.6
12  4     84.68  -7.12   0 29       .46   798   18.0      12  9    158.31   -3.14   0 29    -1.35   739   12.5
12  5    301.47  -7.30   0 29     6.23   797   10.2      12 10    169.03   -3.51   0 30     2.71   731    5.9
12  6    128.22  -7.17   0 29    11.94   793    1.8      12 11    177.65   -3.85   0 30     6.61   725    -.2
12  7    297.40  -6.72   0 29    17.51   786   -5.9      12 12    183.97   -4.15   0 30    10.16   719   -5.3
12  8    103.58  -5.98   0 29    22.83   778  -10.8      12 13    188.23   -4.41   0 30    13.25   714  -10.1
12  9    256.55  -5.02   0 29    27.91   769  -14.7      12 14    191.57   -4.64   0 30    15.86   709  -13.5
12 10    293.76  -3.89   0 29    32.62   761  -17.1      12 15    193.21   -4.82   0 30    17.89   705  -15.6
12 11    115.82  -2.65   0 29    37.01   753  -18.3      12 16    193.27   -4.95   0 30    19.33   702  -16.6
12 12     15.31  -1.35   0 29    40.94   746  -18.0      12 17    191.85   -5.03   0 30    20.15   701  -16.5
12 13    212.62     .01   0 29    44.39   739  -16.5      12 18    189.17   -5.06   0 30    20.32   701  -15.3
12 14    352.38    1.36   0 29    47.21   732  -13.7      12 19    185.32   -5.05   0 30    19.85   702  -13.2
12 15    101.25    2.63   0 29    49.23   725   -9.9      12 20    180.70   -5.00   0 30    18.71   705   -9.7
12 16    186.91    3.72   0 29    50.29   719   -5.0      12 21    175.67   -4.90   0 30    16.88   709   -5.0
12 17    244.67    4.51   0 29    50.28   713    -.1      12 22    170.60   -4.77   0 30    14.44   714    -.7
12 18    272.47    5.03   0 29    48.96   708    4.4      12 23    165.76   -4.59   0 30    11.52   719    4.0
12 19    280.36    5.25   0 29    46.20   703    7.4      12 24    161.39   -4.38   0 30     8.23   723    7.5
12 20    273.76    5.20   0 29    41.82   700    8.7