There is no photograph present in this image. The image appears to be a page from an old UFO report document, containing text and numerical data.

PF 27747 99941 21524 1939 417 2149 62235 2331 92429 9424 02839
02421 92282 02231 35521 2217 35322 92424 96452 95641 95914 02359
ESM 11 72734 92223 16989 91495 83335 11631 02321 70136 04685
92614 33939 61893 92519 49755 73355 92333 38935 89774 92634
92076 92739 92735 92621 99/79 92629 92479 95772 92413 16939
16.22 16222 99/7/2 72736

1112 72734 33339 90000 16983 1187S 90625 22836 11226 33784
94687 48489 53527 19322 97726 66315 89791 77465 48467 85422
71887 93937 74566 11668 73326 22393 89914 33311 37919

PF 72734 99931 1493 21416 1715 23220 23211 62429 25320 25319 
2317 92613 2714 42612 25419 92539 92719 25528 25335 92636
92736 92735 92725 92413 92614 92719 28234 02619

RAP IT 726S2 99328 85439 23006 92212 72091 10543 92318 30577
62613 92336 40745 71889 92439 30931 88396 93229 25072 93777
92335 92916 19/7/ 92635 15335 11/72 93293 19649 95/73 92314
11122 22229 11/7/ 225570

1727 92662 99329 93995 31927 1135 23939 22157  13241 33586
33354 44365 3330 93556 55661 65536 56781 77453 64654 83400
71888 93373 752930

PP 726S2 99991 42208 2215 62315 2317 82315 2115 92319 92215
9224 92435 33416D
72436 92433 33416D

ESM 11 72734 92223 16989 91495 83335 11631 02321 70136 04685
92614 33939 61893 92519 49755 73355 92333 38935 89774 92634
92076 92739 92735 92621 99/79 92629 92479 95772 92413 16939
16.22 16222 99/7/2 72736