There is no photograph present in this image. The image appears to be a page from a document containing a table or spreadsheet with various numerical data.

Output:

JUL 22, 2002
8:50
7:00
5:30
4:00
3:00
2:00
1:50
1:00
100
200
300
400
450
500
550
700
850

2252
3158
5900
7830
9640
10350
11557
16570
19140
20350
22150
23350
24420
25800
26600
31918
33557

-11
-8
-0
-23
-34
-55
-65
-62
-52
-55
-34
22
-59
-62
-57
8
19

(-8)
2
-15
-27
-23
-27
-29
-52
-59
-55
-23
29
-49
-52
-49
2
14

39
270
210
260
260
260
245
330
330
260
260
295
235
300
310

14
35
46
39
31
27
27
68
68
40
31
27
27
68
68

275
907
775
721
465
337
310
137
296
218
143
125
112

23
23
13
10
-12
-30
-25
-30
-40
-59
-70
-84

19
17
10
4
-15
-31
-32
-35
-41
-61
-72
-86

GENERAL PURPOSE WORK SHEET