The image does not contain a photograph. It appears to be a table or spreadsheet with numbers and text entries.

PORT VICHE LLARP ZCBH SUPPLEMENTARY GROUP-S
1 2321 22320 220 7 8
1 9221 23220 320 7 8 21 13
1 4217 25521 2217 7
21 13
1 4217 25521 2217 7
21 13
1 3221 22229 220 7
21 13
1 4211 23223 224 7
21 13
1 4211 23223 224 7
21 13
1 4212 22320 220 7
21 14
1 4221 22320 220 7
21 15
1 3225 32 8 20 7
21 14
1 3225 32 8 20 7
21 14
1 3225 32 8 20 7
21 14
1 3222 34425 71 8
21 14
1 3221 204 32 20 7
21 15
1 3221 20220 7 8
21 14
1 3221 20220 7 8
21 14
1 3221 11053 94 35 7 8 32 540 41262
1 3221 20220 7 8
21 14
1 3221 20425 74 8
21 13
1 3221 37 8 20 7
21 13
1 3221 37 8 20 7
21 13
1 3225 21 9 1
21 13
1 3221 21 9 1
21 14
1 3221 21 9 1
21 14
1 3221 21 9 1
21 15
1 3221 21 9 1
21 14