The image does not contain any photographs. It appears to be a table or spreadsheet with numerical data and text. I will now proceed to act as an OCR system and extract all the text from the document.

WINDS (ALOFT) COMPUTATION SHEET
18 HOBS0N AUX#2 MARCH 23 1952
ALT KH 

24000
22000 
20000
18000
16000
14000
12000  
10000
9000 
8000
7000
6000
5000
4000
3500
3000
2500
2000
1800
1600
1400
1200
1000
900
800
700
600
500
400
300
250
200
150
100

SPD DIR SPD DIR SPD DIR SPD DIR SPD DIR SPD DIR

110 14
100 18
95 22 
90 25
85 29
80 32
75 37
70 42
65 46
60 51
55 55
50 60
45 65
40 70
37 73
34 77
31 80
28 84
26 86
24 88
22 90
20 92
18 94
16 96
14 98
12 100
10 102
8 104
6 106
4 108
2 110
0 0

6.58
6.14 
5.71
5.27
4.84
4.40 
3.97
3.53
3.09
2.66
2.22
1.79
1.35
0.92
0.70
0.49
0.27
0.06

13.87
13.25
12.63
12.01
11.39
10.77
10.15
9.53
8.91
8.29
7.67
7.05
6.43
5.81
5.23
4.65
4.07
3.49
3.19
2.89
2.59
2.29
1.99
1.70
1.40
1.10
0.80
0.50
0.21

20.77
19.98
19.18
18.39
17.60
16.81
16.02
15.23
14.43
13.64
12.85
12.06
11.27
10.48
9.48
8.48
7.48
6.48
5.93
5.38
4.83
4.28
3.73
3.18
2.63
2.08
1.53
0.98
0.43

25.83
24.91
23.99
23.07
22.15
21.23
20.31
19.39
18.47
17.55
16.63
15.71
14.79
13.87
12.55
11.23
9.91
8.59
7.86
7.12
6.38
5.64
4.90
4.16
3.42
2.68
1.94
1.21
0.47

31.97
31.09
30.21
29.33
28.45
27.57
26.69
25.81
24.93
24.05
23.17
22.29
21.41
20.53
18.55
16.57
14.59
12.61
11.51
10.41
9.31
8.21
7.11
6.01
4.91
3.81
2.71
1.61
0.51

38.78
37.73
36.68
35.63
34.58
33.53
32.48
31.43
30.38
29.33
28.28
27.23
26.18
25.13
22.77
20.41
18.05
15.69
14.33
12.97
11.61
10.25
8.89
7.53
6.17
4.81
3.45
2.09
0.73