There is no photograph present on this page.

Here is the OCR text from the document:

```
171 172 
0 500 1 2
3 300 360 480 370 710
3 0 340 590 0 1
2 280 310
3 95 59
57 58 59 60 61 62 63 64 65 66 67 68 69 70 71 72 73 74 75 76 77 78 79 80 81 82 83 84 85
98 88 108 50 188 340 150 70 90 110 25 530 530 30 930 30 110 
25 580 28 600 670 520 580 540 540 750 750 750 I 160 50 630 600 600 580 710 710 750 820

NOTES

02 06 02 07 08_07 08 17
20 22 23,,5 22 22 1 52 12,,5523
22 58 52 23 12 23 ...
00 66 253" 21,67
9 ... 52 ... 
...5 ...0...(blili..0..bi::.. 1

Observed By 
Time of 
jectioT 16 41 
ime sf Contact 
14
ance
ce Altitude Data.
50 55 60 65 70 75 80 85 90 
64 31 98 68 9 31 106 ...
450 410 755 460 355 600 450 670 790 50 750 700 750 1160
40 40 35 30 ... 150 190 160 40 155

Recorder 
```
