The image contains a graph or chart with numerical and textual information, but does not appear to contain any photographs. I will now proceed to extract all the text found in the document:

1952 & 53 13
19 23 15 14
13 6 16 18
22 20 9 3
18 17 19 23
12 23 5 6
13 16 21 9
16 15 8 11
15 17 4 19
15 19 23 3
22 18 7 6
9 16 23 15
12 18 7 22
15 16 6 23
22 19 3 9
13 17 4 19
16 15 18 9
22 19 3 6
15 16 18 23
22 10 3 19
15 9 4 16
18 23 12 5
13 15 21 9
13 17 16 18
22 4 3 9
15 16 23 5
13 17 19 23
15 19 3 9
15 16 6 23
22 19 3 9
13 17 4 19
16 15 18 9
22 19 3 6
15 16 18 23
22 10 3 19
15 9 4 16
18 23 12 5
13 15 21 9
13 17 16 18
22 4 3 9
15 16 23 5
23 27 20 22.3
2533 25.16
06 15 22.3
23 27 20 22.3
2533 25.16
06 15 22.3