The image does not contain a photograph. It appears to be a technical data sheet or log from Project Blue Book, likely containing sensor readings, measurements, and other data related to a UFO sighting or investigation.

TEXT TRANSCRIPTION:

DATA BLOCK B

PRESSURE TEMPERATURE ALTITUDE COETR

30" 1 2 3 4 5 6 7 8 9 SIGNIFICANT LEVELS KOTES

2728.2 47.2 49.0 28.1 41.1 47.1 23.3 220.0
2728.0 47.1 49.0 28.0 40.7 47.1 23.2 220.0
2727.6 47.1 49.0 27.9 40.7 47.1 23.1 219.0
2727.3 47.0 48.9 27.8 40.6 47.1 22.9 218.0
2727.0 46.9 48.8 27.7 40.5 47.0 22.7 218.0
2726.8 46.8 48.7 27.6 40.5 47.0 22.5 217.0
2726.3 46.7 48.6 27.5 40.4 47.0 22.3 216.0
2726.0 46.6 48.5 27.4 40.3 46.9 22.1 215.0
2725.6 46.5 48.4 27.3 40.2 46.9 21.8 214.0
2725.2 46.3 48.3 27.1 40.1 46.8 21.5 213.0
2724.7 46.2 48.1 26.9 39.9 46.7 21.2 212.0
2724.2 46.0 47.9 26.7 39.7 46.6 20.9 211.0
2723.6 45.8 47.7 26.5 39.5 46.5 20.5 210.0
2723.1 45.6 47.5 26.3 39.3 46.4 20.1 209.0
2722.4 45.4 47.2 26.0 39.1 46.2 19.7 207.0
2721.7 45.1 46.9 25.8 38.8 46.0 19.3 205.0
2720.9 44.9 46.6 25.5 38.5 45.8 18.8 203.0
2720.0 44.6 46.3 25.2 38.2 45.6 18.3 201.0
2719.0 44.3 45.9 24.8 37.8 45.3 17.8 199.0
2717.9 44.0 45.5 24.4 37.4 45.0 17.3 196.0

CODES MESSAGE FOR TRANSMISSION
4687 23.28 59.77 23.73 5229 4798 C-45
4686 23.28 59.77 23.73 5228 4797 R-88
4685 23.28 59.76 23.73 5227 4796 R-89
4684 23.28 59.76 23.72 5226 4795 E-90
4683 23.27 59.76 23.72 5225 4794 L-91
4682 23.27 59.75 23.72 5224 4793 L-92
4681 23.27 59.75 23.71 5223 4792 S-93
4680 23.27 59.74 23.71 5222 4791 T-94
4679 23.26 59.74 23.70 5221 4790 I-95
4678 23.26 59.73 23.70 5220 4789 L-96
4677 23.26 59.73 23.69 5219 4788 L-97
4676 23.25 59.72 23.69 5218 4787 E-98
4675 23.25 59.72 23.68 5217 4786 D-99

SOLAR PARAHETERS TO .5236010
SUN ALT 10.4 DEG AZM 302.7 DEG
MOON ALT 6.5 DEG AZM 91.5 DEG
MOON PHASE 47.1 LIGHTED
WIND SPEED 8.5 KNOTS
AIR DENSITY 0.002144 LBS/CU.FT.
CONSTANT PRESSURE DATA