The image appears to contain a table or data sheet with various statistics and numerical values. There is no visible photograph or image other than this data table.

OCR output:

DATE THE AR FROM RPORTS
JANUARY 52 ALL 0 0 0.0 0.0 0 0 0 0.0 0.0 0 5 5 0.0 0.0 0 5 5 0.0 0.0 0

IN CAR 2 0 2 0.0 0.0 2 0 2 0.4 0.4 2 0 2 0.4 0.4

OUTD OORS 0 0 0 0.0 0.0 0 0 0 0.0 0.0 0 0 0 0.0 0.0 0 0 0 0.0 0.0

ON BLDG 0 0 0 0.0 0.0 0 0 0 0.0 0.0 0 0 0 0.0 0.0 0 0 0 0.0 0.0

OTHER 0 0 0 0.0 0.0 0 0 0 0.0 0.0 5 0 5 0.6 0.6 5 0 5 0.6 0.6

NOT STATED 0 0 0 0.0 0.0 0 0 0 0.0 0.0 0 5 5 0.6 0.6 0 5 5 0.6 0.6

FEBRUARY 52 ALL 0 5 5 0.6 0.6 0 0 0 0.0 0.0 0 5 5 0.6 0.6 0 5 5 0.6 0.6

IN CAR 2 0 2 0.2 0.2 2 0 2 0.2 0.2 2 0 2 0.2 0.2 2 0 2 0.2 0.2

OUTD OORS 2 0 2 0.2 0.2 2 0 2 0.2 0.2 2 0 2 0.2 0.2 2 0 2 0.2 0.2

ON BLDG 0 0 0 0.0 0.0 0 0 0 0.0 0.0 0 0 0 0.0 0.0 0 0 0 0.0 0.0

OTHER 0 5 5 0.4 0.4 0 0 0 0.0 0.0 0 5 5 0.4 0.4 0 5 5 0.4 0.4

NOT STATED 1 2 3 0.4 0.4 0 0 0 0.0 0.0 1 2 3 0.4 0.4 1 2 3 0.4 0.4

MARCH 52 ALL 1 2 3 0.5 0.5 0 0 0 0.0 0.0 1 2 3 0.5 0.5 1 2 3 0.5 0.5

IN CAR 2 0 2 0.3 0.3 0 0 0 0.0 0.0 2 0 2 0.3 0.3 2 0 2 0.3 0.3

OUTD OORS 2 0 2 0.2 0.2 0 0 0 0.0 0.0 2 0 2 0.2 0.2 2 0 2 0.2 0.2

ON BLDG 2 0 2 0.0 0.0 0 0 0 0.0 0.0 2 0 2 0.0 0.0 2 0 2 0.0 0.0

OTHER 1 0 1 0.0 0.0 0 0 0 0.0 0.0 1 0 1 0.0 0.0 1 0 1 0.0 0.0

NOT STATED 3 2 5 0.0 0.0 0 0 0 0.0 0.0 3 2 5 0.0 0.0 3 2 5 0.0 0.0

SEPTEMBER 52 ALL 3 2 5 1.7 1.7 1 0 1 1.0 1.0 3 2 5 1.7 1.7 3 2 5 1.7 1.7

IN CAR 2 0 2 0.0 0.0 0 0 0 0.0 0.0 2 0 2 0.0 0.0 2 0 2 0.0 0.0

OUTD OORS 2 1 3 0.0 0.0 1 0 1 0.0 0.0 2 1 3 0.0 0.0 2 1 3 0.0 0.0

ON BLDG 2 1 3 0.7 0.7 0 0 0 0.0 0.0 2 1 3 0.7 0.7 2 1 3 0.7 0.7

OTHER 1 0 1 0.0 0.0 0 0 0 0.0 0.0 1 0 1 0.0 0.0 1 0 1 0.0 0.0

NOT STATED 1 1 2 1.0 1.0 1 0 1 1.0 1.0 1 1 2 1.0 1.0 1 1 2 1.0 1.0

217