The image does not contain any photographs. It appears to be a table or spreadsheet with various columns and rows of data, likely related to UFO sightings or reports. I will now act as an OCR system and output all the text found in the document.

June 11 97 54  3  6.0 17.0 9.0 6  3  1.1 5.7 15 3 3.50 6.6 2.5
24 4 4 24 6.2 2.6 6 0 5.6 6.0 5.6 3 2 2.11 3.7 15 3 3.55 6.6 2.5
24 4 4 24 6.2 2.6 6 0 5.6 6.0 5.6 3 2 2.11 3.7 15 7 3.71 5.3 2.4
6 1 1 6 0.7 0.7 3 0 1.34 0.0 1.34 5 2 2.93 0.1 14 3 2.94 5.0 2.3

July
11 9 11 27 0.6 17.0 15 0 1.5 1.1 1.5 2 2 2.64 5.76 57 2 2.24 10.3 1.5
19 0 25 54 0.60 35.1 19 0 1.65 0.0 1.65 0 1 0.69 5.6 61 3 3.71 7.5 1.7
24 0 29 63 0.86 41.0 22 0 2.04 0.0 2.04 1 2 2.00 6.1 57 2 2.24 9.0 1.5

August
11 9 11 27 0.6 17.0 15 0 1.5 1.1 1.5 2 2 2.64 6.97 71 2 2.24 10.3 1.5
19 0 25 54 0.60 35.1 19 0 1.65 0.0 1.65 1 1 0.69 6.9 55 3 3.71 7.5 1.7
24 0 29 63 0.86 41.0 23 0 2.13 0.0 2.13 2 2 2.00 7.5 57 2 2.24 9.0 1.5

September
24 4 24 47 0.64 26.9 4 0 1.0 1.0 1.0 4 2 2.25 3.65 4 4 2.44 5.3 2.5
24 4 24 47 0.64 26.9 4 0 1.0 1.0 1.0 4 2 2.25 3.65 4 4 2.44 5.3 2.5
6 1 6 14 0.15 2.1 3 0 0.84 0.0 0.84 4 2 2.09 0.3 18 6 2.74 5.0 2.3

219