The image does not contain any photographs, but rather shows a table or data sheet with various numerical values and statistics. As an OCR (Optical Character Recognition) system, I will extract all the text found in the document:

TIME    AT    SIGHTING    X    MILE    RADIUS    BY    YEAR

Evaluation 1950 1951 1952 1953 1954 1955 1956 1957 1958 1959 1960 1961 1962 1963 1964 1965 1966 1967 1968 1969 1970
1. Unidentified  3.7 3.7 3.9 3.6 3.3 3.3 3.9 3.0 0.0 3.7 3.7 4.0 4.0 4.0 4.0 4.0 4.0 3.8 3.8 3.8 3.8
2. Astronomical   2.2 2.2 2.6 2.6 2.6 2.6 2.6 2.6 2.6 2.6 2.6 2.6 2.6 2.6 2.6 2.6 2.6 2.6 2.6 2.6 2.6
3. Aircraft       1.1 1.2 1.4 1.1 1.1 1.1 1.1 1.2 0.0 0.3 0.5 0.5 0.5 0.5 0.5 0.5 0.5 0.5 0.5 0.5 0.5
4. Balloon        0.3 0.3 0.3 0.3 0.3 0.3 0.3 0.4 0.0 0.4 0.4 0.5 0.5 0.5 0.5 0.5 0.5 0.4 0.4 0.4 0.4
5. Psychological  0.0 0.0 0.0 0.1 0.1 0.1 0.1 0.1 0.0 0.1 0.1 0.2 0.2 0.2 0.2 0.2 0.2 0.1 0.1 0.1 0.1
6. Other          1.1 1.0 1.0 0.4 0.1 0.1 0.1 0.1 0.0 0.1 0.0 0.1 0.1 0.1 0.1 0.1 0.1 0.1 0.1 0.1 0.1
Total           7.4 7.4 7.2 6.1 5.5 5.5 6.1 6.4 2.6 7.2 7.3 7.9 7.9 7.9 7.9 7.9 7.9 7.5 7.5 7.5 7.5

Evaluation 1950 1951 1952 1953 1954 1955 1956 1957 1958 1959 1960 1961 1962 1963 1964 1965 1966 1967 1968 1969 1970
1. Unidentified  3.2 3.2 3.4 3.1 2.8 2.8 3.4 2.7 0.0 3.2 3.2 3.4 3.4 3.4 3.4 3.4 3.4 3.3 3.3 3.3 3.3
2. Astronomical   2.0 2.0 2.3 2.3 2.3 2.3 2.3 2.3 2.3 2.3 2.3 2.3 2.3 2.3 2.3 2.3 2.3 2.3 2.3 2.3 2.3
3. Aircraft       1.0 1.0 1.2 1.0 1.0 1.0 1.0 1.1 0.0 0.3 0.4 0.4 0.4 0.4 0.4 0.4 0.4 0.4 0.4 0.4 0.4
4. Balloon        0.3 0.3 0.3 0.3 0.3 0.3 0.3 0.4 0.0 0.3 0.3 0.4 0.4 0.4 0.4 0.4 0.4 0.3 0.3 0.3 0.3
5. Psychological  0.0 0.0 0.0 0.1 0.1 0.1 0.1 0.1 0.0 0.1 0.1 0.2 0.2 0.2 0.2 0.2 0.2 0.1 0.1 0.1 0.1
6. Other          1.0 0.9 0.9 0.3 0.1 0.1 0.1 0.1 0.0 0.1 0.0 0.1 0.1 0.1 0.1 0.1 0.1 0.1 0.1 0.1 0.1
Total           6.5 6.4 6.1 5.1 4.6 4.6 5.2 5.7 2.3 6.1 6.3 6.8 6.8 6.8 6.8 6.8 6.8 6.5 6.5 6.5 6.5