The image appears to be a page from an old UFO report document from Project Blue Book. It contains a table or grid with various numerical data, but there is no photograph visible in this image. 

OPTICAL CHARACTER RECOGNITION (OCR) OUTPUT:

24 1.1 2.75 3.5 2.2 .... 67.1 33.4
25 1.3 2.3 3.9 2.4 .... 72.3 37.0
26 1.3 2.3 3.8 2.5 .... 72.1 37.0
27 1.4 2.4 4.0 2.4 .... 73.1 37.5
28 1.5 2.4 4.1 2.5 .... 73.7 37.0
29 1.5 2.5 4.2 2.5 .... 74.0 36.1
30 1.6 2.5 4.4 2.6 .... 74.3 34.5
31 1.6 2.6 4.5 2.6 .... 74.0 33.0
1 2.4 3.0 4.6 2.7 .... 72.3 31.0
2 2.3 3.1 4.6 2.7 .... 69.4 29.0
3 2.2 3.2 4.6 2.7 .... 67.1 27.2
4 2.1 3.3 4.6 2.7 .... 64.9 25.4
5 2.1 3.3 4.5 2.7 .... 62.6 23.6
6 2.0 3.4 4.5 2.6 .... 60.2 21.8
7 1.9 3.5 4.4 2.6 .... 57.8 20.0
8 1.9 3.5 4.4 2.5 .... 55.4 18.2
9 1.8 3.6 4.3 2.5 .... 53.1 16.4
10 1.7 3.7 4.3 2.4 .... 50.7 14.6
11 1.7 3.7 4.2 2.4 .... 48.3 12.8
12 1.6 3.8 4.2 2.3 .... 45.9 11.0
13 1.5 3.9 4.1 2.3 .... 43.5 9.2
14 1.5 4.0 4.1 2.2 .... 41.1 7.4
15 1.4 4.0 4.0 2.2 .... 38.8 5.6
16 1.4 4.1 4.0 2.1 .... 36.4 3.8
17 1.3 4.2 3.9 2.1 .... 33.9 2.0
18 1.3 4.2 3.9 2.0 .... 31.5 2.0
19 1.2 4.3 3.8 1.9 .... 29.1 2.0
20 1.2 4.3 3.8 1.9 .... 26.7 2.0
21 1.1 4.4 3.7 1.8 .... 24.3 2.0
22 1.1 4.4 3.7 1.8 .... 21.9 2.0
23 1.1 4.5 3.6 1.7 .... 19.5 2.0
7.5 6.0 5.5 5.0 4.5 4.0 3.5 3.0 2.5 2.0 1.5 1.0 0.5