The image does not contain any photograph, but rather appears to be a page from an old document that contains rows of text and numerical data. As an OCR (Optical Character Recognition) system, I will now proceed to extract all the text found in the document:

AVERAGE WEATHER
113 137 149.82 156
137 149.82 156 3
129 146.82 153 4
128 146.32 152 5
126 145.32 151 7
124 144.32 150 8
123 143.82 149.5 10
121 142.82 148 11
120 142.32 147 13
118 141.32 146 14
117 140.82 145.5 16
115 139.82 144 17
114 139.32 143 19
112 138.32 142 20
111 137.82 141.5 22
109 136.82 140 23
108 136.32 139 25
106 135.32 138 26
105 134.82 137.5 28
103 133.82 136 29
102 133.32 135 31
100 132.32 134 32
99 131.82 133.5 34
97 130.82 132 35
96 130.32 131 37
94 129.32 130 38
93 128.82 129.5 40
91 127.82 128 41
90 127.32 127 43
88 126.32 126 44
87 125.82 125.5 46
85 124.82 124 47
84 124.32 123 49
82 123.32 122 50
81 122.82 121.5 52
79 121.82 120 53
78 121.32 119 55
76 120.32 118 56
75 119.82 117.5 58
73 118.82 116 59
72 118.32 115 61
70 117.32 114 62
69 116.82 113.5 64
67 115.82 112 65
66 115.32 111 67
64 114.32 110 68
63 113.82 109.5 70
61 112.82 108 71
60 112.32 107 73
58 111.32 106 74
57 110.82 105.5 76
55 109.82 104 77
54 109.32 103 79
52 108.32 102 80
51 107.82 101.5 82
49 106.82 100 83
48 106.32 99 85
46 105.32 98 86
45 104.82 97.5 88
43 103.82 96 89
42 103.32 95 91
40 102.32 94 92
39 101.82 93.5 94
37 100.82 92 95
36 100.32 91 97
34 99.32 90 98
33 98.82 89.5 100
31 97.82 88 101
30 97.32 87 103
28 96.32 86 104
27 95.82 85.5 106
25 94.82 84 107
24 94.32 83 109
22 93.32 82 110
21 92.82 81.5 112
19 91.82 80 113
18 91.32 79 115
16 90.32 78 116
15 89.82 77.5 118
13 88.82 76 119
12 88.32 75 121
10 87.32 74 122
9 86.82 73.5 124
7 85.82 72 125
6 85.32 71 127
4 84.32 70 128
3 83.82 69.5 130
1 82.82 68 131
0 82.32 67 133
-2 81.32 66 134
-3 80.82 65.5 136
-5 79.82 64 137
-6 79.32 63 139
-8 78.32 62 140
-9 77.82 61.5 142
-11 76.82 60 143
-12 76.32 59 145
-14 75.32 58 146
-15 74.82 57.5 148
-17 73.82 56 149
-18 73.32 55 151
-20 72.32 54 152
-21 71.82 53.5 154
-23 70.82 52 155
-24 70.32 51 157
-26 69.32 50 158
-27 68.82 49.5 160
-29 67.82 48 161
-30 67.32 47 163
-32 66.32 46 164
-33 65.82 45.5 166
-35 64.82 44 167
-36 64.32 43 169
-38 63.32 42 170
-39 62.82 41.5 172
-41 61.82 40 173
-42 61.32 39 175
-44 60.32 38 176
-45 59.82 37.5 178
-47 58.82 36 179
-48 58.32 35 181
-50 57.32 34 182
-51 56.82 33.5 184
-53 55.82 32 185
-54 55.32 31 187
-56 54.32 30 188
-57 53.82 29.5 190
-59 52.82 28 191
-60 52.32 27 193
-62 51.32 26 194
-63 50.82 25.5 196
-65 49.82 24 197
-66 49.32 23 199
-68 48.32 22 200
-69 47.82 21.5 202
-71 46.82 20 203
-72 46.32 19 205
-74 45.32 18 206
-75 44.82 17.5 208
-77 43.82 16 209
-78 43.32 15 211
-80 42.32 14 212
-81 41.82 13.5 214
-83 40.82 12 215
-84 40.32 11 217
-86 39.32 10 218
-87 38.82 9.5 220
-89 37.82 8 221
-90 37.32 7 223
-92 36.32 6 224
-93 35.82 5.5 226
-95 34.82 4 227
-96 34.32 3 229
-98 33.32 2 230
-99 32.82 1.5 232
-101 31.82 0 233
-102 31.32 -1 235