The image provided does not contain any photographs, but rather appears to be a surface weather report or chart. The image consists of a grid-like layout with various numerical values and text entries, likely representing meteorological data and observations.

OCR Output:

SURFACE WEATHER
Nuw r. Amu..Nt untt ry u.. ucd.
24 29 33 33 30 31 32 3l 33 30 27 26 25 26 29 32 35 36 35 32 28 25 23 23 24 26 26 24 23 24 27 30
24 33 37 38 37 37 35 34 32 33 31 27 24 22 24 27 31 34 34 31 28 24 21 21 22 25 26 22 20 21 25 27
24 34 38 39 38 37 35 33 31 33 31 27 23 20 22 25 29 32 32 29 25 22 19 19 21 24 25 20 18 19 23 26
24 35 38 39 38 36 34 32 31 33 31 27 23 19 21 24 28 31 31 27 23 20 17 17 20 23 25 19 16 17 22 25
23 35 37 37 36 35 33 31 31 32 30 26 22 17 20 23 26 29 29 25 21 18 15 15 18 21 24 17 14 15 21 24
23 34 35 35 35 34 32 31 31 31 29 25 21 16 19 21 24 27 27 23 19 16 14 13 16 20 22 16 13 13 20 23
22 32 33 33 33 32 31 30 30 30 28 24 20 15 17 20 22 25 25 21 17 14 12 11 14 18 21 14 11 11 18 22
22 30 31 30 31 31 30 29 29 29 27 23 19 14 16 19 21 23 23 19 15 13 10 10 13 17 19 13 10 10 16 21
21 27 29 28 29 29 29 28 28 28 26 22 18 13 14 17 20 21 21 17 14 11 9 8 11 15 18 11 9 8 15 19
20 25 26 26 27 28 28 27 27 27 25 21 17 12 13 15 18 20 19 16 12 10 8 7 10 14 16 10 8 7 13 18
18 23 24 24 24 25 27 27 26 25 24 20 16 11 12 14 16 18 17 14 11 9 7 6 9 13 15 9 7 6 12 16
16 20 22 22 22 23 25 25 25 24 23 19 15 10 11 12 15 16 15 13 9 8 6 5 8 12 13 8 6 5 10 14
14 17 20 20 20 21 23 23 24 23 21 17 14 9 10 11 13 14 13 11 8 7 5 4 6 10 12 7 5 4 9 12
13 15 18 19 19 19 21 22 22 21 19 16 13 8 9 10 12 13 12 10 7 6 4 3 5 9 10 6 4 3 8 10
12 13 16 17 17 17 19 20 20 19 17 14 12 7 8 9 11 12 11 9 6 5 4 3 4 8 9 5 4 3 7 9 
10 11 14 15 15 15 16 18 18 17 15 13 11 6 7 8 10 11 10 8 5 4 3 2 3 7 8 4 3 2 6 8
8 9 12 13 13 13 14 16 16 15 13 12 10 6 6 7 9 10 9 7 4 3 2 2 3 6 7 3 2 2 5 6
6 7 10 11 11 11 12 14 14 13 11 10 9 5 5 6 8 9 8 6 4 3 1 1 2 5 6 3 1 1 4 5
4 6 8 9 9 9 10 12 12 11 10 8 8 4 4 5 7 8 7 5 3 2 1 1 1 4 5 2 1 1 3 4
3 5 7 8 8 8 8 10 10 10 8 7 7 3 3 4 6 7 6 4 3 1 1 1 1 3 4 1 1 1 2 3
1 3 5 6 6 6 7 8 8 8 7 6 6 3 3 3 5 6 5 3 2 1 0 0 1 2 3 1 0 0 2 3
0 2 4 5 5 5 6 6 6 6 5 5 5 2 2 2 4 5 4 2 1 0 0 0 1 1 2 0 0 0 1 2
0 1 3 3 3 3 4 4 4 4 3 3 3 1 1 1 3 4 3 1 1 0 0 0 0 0 1 0 0 0 1 1
0 0 1 1 1 1 2 2 2 2 1 1 1 1 1 1 1 2 1 1 0 0 0 0 0 0 0 0 0 0 1 1