There is no photograph in this image. 

Here is the OCR transcription of the text found in the document:

```
350 190
26531 1 817 
% 450 509 380
100 120
50 2906 600
65 J 12480
650 15 18109 (5531)
10510 35 40 25 450
20
% 50
5090 15
      650
9991 (4206)
550
5800 555 15
1000574)
 1000
495 50 35
55 5080 
 100049474
61
2 24 25
708 23 65 20 610 ` 35
 34 33_ 36 37
 400 450
458 15
 65 550
700 50
 30 25 20 155 35 24 80 85 25 25
2406 (0)
2555
 25  10
 15 55 45
10025714 
 550 (1025)
 5559 (1426)

6154)
 40
 10550 10

50 25 20 25  34 33  60 ` 24

6099 \(1009)

25 55
20 5 39
1700 I 65
165 202200 2300)

750

9994 (1425)
```
